# Must-pass @ depth 5 (full regression). Suite: wac.epd / Arasan wacnew.epd.
# Shrink only when deliberately accepting a strength regression.
001
002
003
004
005
006
007
008
009
010
011
012
013
014
015
016
017
019
020
021
023
024
025
026
027
028
030
031
032
033
034
035
036
037
038
039
040
041
042
043
044
045
047
048
050
051
052
053
054
056
057
058
059
060
061
062
063
064
065
066
067
068
069
070
072
073
075
076
077
078
079
082
083
084
085
086
088
089
090
091
093
094
095
096
097
098
099
100
102
103
104
105
106
107
108
109
110
111
112
113
114
115
117
118
119
121
122
123
124
125
126
127
128
129
131
132
133
134
135
136
137
138
139
140
142
143
144
147
148
149
150
151
152
154
155
156
157
158
159
160
161
162
164
165
166
167
168
169
170
171
172
173
174
175
176
177
178
179
180
181
182
184
185
186
187
188
191
192
193
194
195
197
198
199
200
201
202
203
205
206
207
208
209
210
211
212
214
215
216
217
218
219
220
221
223
224
225
227
229
232
233
234
236
238
239
240
242
244
245
246
247
248
249
251
252
253
254
255
256
257
258
259
260
261
262
263
265
266
267
268
269
271
272
273
274
275
276
277
278
279
280
281
282
283
284
285
286
287
288
289
290
291
292
294
295
296
298
299
300
