# Fast must-pass for make test (d5 OK with ≤80k nodes historically).
002
004
005
006
007
008
009
012
013
014
015
016
020
021
024
025
027
028
031
032
034
035
036
037
038
039
040
041
042
043
044
045
047
050
054
056
057
059
060
065
066
067
068
070
072
073
075
084
085
086
090
095
097
098
100
102
106
107
109
113
115
117
119
121
125
127
132
134
139
143
144
151
154
156
157
158
159
162
164
165
167
170
172
175
179
181
187
188
191
194
195
197
201
202
203
207
208
215
219
221
225
229
232
233
236
238
246
247
248
253
254
255
258
261
263
265
267
268
269
274
278
284
285
288
289
295
298
